94121
47093
57524
47419
74611
58086
39778
91802
77211
91173
75724
65709
62740
33987
87769
81109
77788
68734
82970
44645
92223
19358
18275
15874
21826
80542
37998
38501
35790
72575
61294
51771
79614
49912
97790
24279
37339
95654
99865
79694
96901
11105
96932
42142
46372
81701
32568
81436
56949
42927
80877
59522
56579
17493
26133
56874
88238
26741
75370
69604
35404
66129
64979
59805
28565
26036
74063
75905
60440
37236
79833
15917
12026
21068
24561
75191
69813
51647
69615
62352
94802
72381
89839
93071
64207
62370
36327
82272
91678
52742
16751
52109
74659
81357
67833
76767
11029
89994
74992
12098